  [1] 44.09956 45.37554 45.58406 45.82249 45.87945 46.29346 46.34264 46.60848
  [9] 46.67339 46.91041 47.02240 47.21330 47.27547 47.33902 47.39240 47.47475
 [17] 47.78313 47.95029 48.30808 48.33978 48.34321 48.44203 48.45081 48.59684
 [25] 48.63417 48.64295 48.77031 48.87022 49.01735 49.09777 49.22490 49.45927
 [33] 49.48177 49.53887 49.74642 49.82323 49.83874 50.11968 50.16085 50.28876
 [41] 50.35134 50.41955 50.49517 50.53250 50.59179 50.62253 50.62468 50.72029
 [49] 50.72134 50.85639 50.95507 50.99473 51.02767 51.05951 51.06047 51.13632
 [57] 51.15059 51.19785 51.45367 51.45696 51.47837 51.58762 51.60843 51.66447
 [65] 51.72719 51.82477 51.84897 52.01801 52.03008 52.11559 52.22222 52.24747
 [73] 52.34615 52.40393 52.40887 52.52100 52.54611 52.69104 52.73166 52.96827
 [81] 53.01617 53.25648 53.30369 53.32565 53.63188 53.72749 53.91304 53.93258
 [89] 54.10957 54.12385 54.20208 54.57729 54.64839 54.75511 55.16249 55.78727
 [97] 56.06061 56.47672 58.77827 60.85200
[1] "medium:"
[1] 50.90573
