  [1] 18.55086 19.43294 21.73717 22.69127 24.97750 25.62556 26.11161 28.01980
  [9] 28.03780 30.10801 30.68407 31.51215 31.72817 31.94419 31.98020 32.32223
 [17] 32.41224 32.46625 32.50225 32.79028 32.79028 33.11431 34.01440 34.06841
 [25] 35.20252 35.29253 35.45455 35.79658 36.15662 36.21062 37.14671 37.20072
 [33] 37.93879 38.02880 38.06481 38.10081 38.46085 38.53285 38.55086 38.60486
 [41] 38.76688 38.85689 38.89289 39.25293 39.90099 39.97300 40.20702 40.36904
 [49] 40.42304 40.94509 41.23312 41.89919 41.97120 41.97120 42.00720 42.09721
 [57] 42.20522 42.88929 42.97930 43.06931 43.75338 44.29343 44.90549 45.01350
 [65] 45.21152 45.42754 45.82358 45.87759 45.89559 45.89559 46.21962 46.27363
 [73] 46.29163 46.57966 47.11971 47.40774 47.47975 47.65977 47.76778 47.83978
 [81] 47.87579 48.81188 49.02790 49.06391 49.17192 50.46805 50.55806 51.24212
 [89] 52.46625 53.79838 54.59046 56.26463 58.24482 58.76688 59.36094 61.41239
 [97] 64.32943 64.52745 65.57156 67.83978
[1] "medium:"
[1] 41.08911
