  [1]  9.165923  9.232828  9.255129 10.682426 14.986619 16.770740 16.971454
  [8] 17.038359 17.216771 17.431423 20.361285 21.498662 22.814451 23.438894
 [15] 25.379126 26.025870 26.137377 26.449599 27.007136 27.319358 27.386262
 [22] 27.720785 27.787690 27.988403 28.099911 28.300624 28.300624 28.389831
 [29] 28.880464 29.170384 29.237288 29.705620 31.199822 31.601249 31.958073
 [36] 32.381802 32.560214 32.827832 33.586084 33.608385 33.652988 34.678858
 [43] 34.879572 35.147190 35.191793 35.749331 36.752899 37.934880 38.269402
 [50] 38.916146 39.473684 40.053524 40.231936 41.057092 42.038359 42.952721
 [57] 43.019625 43.041927 43.175736 43.242640 44.090098 44.491525 45.071365
 [64] 46.364853 47.033898 48.082070 49.241748 50.356824 50.423729 51.940232
 [71] 52.698483 53.768956 54.571811 55.040143 55.909902 57.002676 57.091882
 [78] 57.181088 57.381802 57.917038 58.073149 59.455843 62.288136 62.421945
 [85] 64.362177 64.473684 64.473684 64.741302 65.477252 65.655665 66.413916
 [92] 66.570027 66.859946 67.818912 68.064228 71.164139 71.876858 75.223015
 [99] 76.851026 83.541481
[1] "medium:"
[1] 39.19492
