  [1] 69.49057 69.50180 69.52424 69.55790 69.55790 69.60278 69.61400 69.62522
  [9] 69.63645 69.64767 69.67011 69.68133 69.68133 69.69255 69.70377 69.71499
 [17] 69.71499 69.71499 69.72621 69.73743 69.73743 69.74865 69.74865 69.78232
 [25] 69.78232 69.79354 69.80476 69.80476 69.84964 69.84964 69.87208 69.87208
 [33] 69.87208 69.88330 69.88330 69.90575 69.90575 69.91697 69.93941 69.95063
 [41] 69.95063 69.98429 69.98429 69.99551 69.99551 70.00673 70.00673 70.01795
 [49] 70.02917 70.02917 70.02917 70.04039 70.04039 70.04039 70.04039 70.04039
 [57] 70.05162 70.07406 70.07406 70.07406 70.07406 70.07406 70.08528 70.09650
 [65] 70.10772 70.11894 70.16382 70.23115 70.23115 70.46679 71.72352 71.75718
 [73] 71.80206 72.07136 72.43043 77.67056 77.72666 77.79399 77.80521 77.96230
 [81] 78.85996 79.84740 80.13914 80.18402 80.45332 80.48698 80.58797 80.74506
 [89] 80.87550 80.95826 81.02558 81.07748 81.47442 81.56418 81.82226 81.85592
 [97] 81.96813 82.18133 82.25987 83.34829
[1] "medium:"
[1] 70.02917
