  [1] 53.33631 53.33631 53.34624 53.35617 53.38596 53.39589 53.40582 53.41575
  [9] 53.41575 53.43561 53.43561 53.44554 53.44554 53.44554 53.45547 53.45547
 [17] 53.46540 53.46540 53.46540 53.46540 53.46540 53.46540 53.47533 53.47533
 [25] 53.48525 53.48525 53.48525 53.48525 53.49518 53.49518 53.49518 53.49518
 [33] 53.49518 53.49518 53.49518 53.49518 53.49518 53.49518 53.50511 53.50511
 [41] 53.50511 53.50511 53.51504 53.51504 53.52497 53.52497 53.52497 53.52497
 [49] 53.52497 53.53490 53.53490 53.53490 53.54483 53.54483 53.54483 53.54483
 [57] 53.54483 53.55476 53.55476 53.55476 53.55476 53.55476 53.56469 53.56469
 [65] 53.56469 53.56469 53.56469 53.56469 53.56469 53.57462 53.57462 53.57462
 [73] 53.57462 53.58455 53.58455 53.58455 53.58455 53.58455 53.59448 53.59448
 [81] 53.60441 53.60441 53.61434 53.61434 53.61434 53.62427 53.62427 53.63420
 [89] 53.63420 53.65406 53.66399 53.67392 53.68384 53.75335 53.75335 53.82286
 [97] 54.97427 54.98420 55.04419 56.32426
[1] "medium:"
[1] 53.5349
