  [1] 35.87678 36.22433 37.39336 38.62559 40.23697 40.37915 41.97472 42.54344
  [9] 42.76461 43.27014 43.41232 44.02844 44.66035 45.13428 45.48183 46.19273
 [17] 47.21959 47.25118 47.33017 47.36177 47.47235 47.51975 47.51975 47.96209
 [25] 48.19905 48.38863 48.57820 48.75197 48.95735 48.97314 49.30490 49.41548
 [33] 49.43128 49.49447 49.52607 50.03160 50.17378 50.36335 50.94787 51.12164
 [41] 51.29542 51.43760 51.92733 52.08531 52.16430 52.36967 52.51185 53.11216
 [49] 53.23855 53.36295 53.55450 53.90205 54.20221 54.26540 54.31280 54.81833
 [57] 54.84992 54.99210 55.07109 55.27646 55.41864 55.41864 55.43444 55.46603
 [65] 56.05055 56.08215 56.35071 56.36651 56.80885 56.95103 57.04581 57.07741
 [73] 57.33017 58.27804 58.68878 58.70458 59.00474 59.60506 59.93681 59.95261
 [81] 59.96840 60.09479 60.09479 60.15798 60.23697 60.61611 60.67930 60.72670
 [89] 61.34281 61.80095 61.84834 61.92733 62.11690 62.11690 63.47551 64.56556
 [97] 64.96051 65.60821 66.46130 71.65877
[1] "medium:"
[1] 53.45873
