  [1] 69.79406 69.91713 69.92534 69.96226 69.97867 69.98687 69.99097 69.99097
  [9] 70.00328 70.00328 70.00328 70.00738 70.00738 70.01559 70.01969 70.02379
 [17] 70.02790 70.02790 70.04020 70.05251 70.06892 70.06892 70.07302 70.08123
 [25] 70.08533 70.08533 70.08533 70.08943 70.09764 70.09764 70.10174 70.10584
 [33] 70.10994 70.10994 70.10994 70.11405 70.11815 70.12225 70.12225 70.13046
 [41] 70.13046 70.13456 70.13866 70.15097 70.15507 70.15507 70.15917 70.16328
 [49] 70.17148 70.17148 70.17558 70.17968 70.17968 70.17968 70.18379 70.18789
 [57] 70.19199 70.19199 70.19609 70.20430 70.20430 70.20430 70.21250 70.21661
 [65] 70.22891 70.23712 70.23712 70.24122 70.24532 70.25353 70.25763 70.25763
 [73] 70.25763 70.26173 70.26584 70.26994 70.27404 70.27404 70.28224 70.28224
 [81] 70.29045 70.29455 70.29865 70.30686 70.30686 70.32327 70.34788 70.36840
 [89] 70.37660 70.38070 70.55711 70.77043 70.80325 70.88991 70.97128 71.04102
 [97] 71.09503 71.39810 76.04611 76.11175
[1] "medium:"
[1] 70.17353
