  [1] 50.41066 51.03187 51.45206 51.68809 51.95833 52.43713 52.70585 52.97645
  [9] 53.41941 53.89616 53.91053 54.47788 54.47810 54.52721 54.55125 54.55172
 [17] 54.56483 54.65565 54.72727 54.83908 54.90787 54.98585 54.98798 55.05486
 [25] 55.08725 55.18443 55.28148 55.42176 55.60084 55.63480 55.69022 55.74033
 [33] 55.74134 55.89912 55.99996 56.02299 56.03357 56.04245 56.05368 56.07254
 [41] 56.10332 56.19057 56.38480 56.39760 56.66506 56.74016 56.74817 56.75392
 [49] 56.80342 56.80394 56.97544 57.11860 57.21160 57.35998 57.38824 57.39276
 [57] 57.40387 57.45563 57.49377 57.50718 57.58621 57.74839 57.76829 57.84069
 [65] 58.00261 58.01149 58.09988 58.12291 58.21273 58.24604 58.26289 58.31034
 [73] 58.37147 58.38075 58.62848 58.78435 58.83438 58.84117 58.99203 59.06117
 [81] 59.06309 59.09248 59.10515 59.26432 59.27386 59.29946 59.64237 59.87513
 [89] 59.92908 59.96917 59.99752 60.05551 60.54389 60.58316 60.74573 60.90961
 [97] 61.67864 61.79685 62.56779 63.38001
[1] "medium:"
[1] 56.88969
