  [1] 34.55764 38.00715 41.61752 41.90349 42.04647 43.01162 44.22699 45.99643
  [9] 47.17605 49.42806 49.64254 50.21448 50.25022 50.35746 50.57194 50.75067
 [17] 50.85791 50.85791 51.34048 51.35836 51.51921 51.51921 51.60858 51.73369
 [25] 51.89455 52.07328 52.44861 52.71671 53.14567 53.69973 53.69973 54.05719
 [33] 54.27167 55.16533 55.21895 55.71939 55.75514 55.80876 56.13047 56.14835
 [41] 56.64879 57.09562 57.64969 58.50760 58.82931 58.99017 59.04379 59.20465
 [49] 60.11618 60.13405 60.67024 60.68811 60.74173 60.83110 61.06345 61.45666
 [57] 61.67113 61.86774 62.35031 62.63628 62.68990 63.60143 64.19124 64.45934
 [65] 65.28150 65.51385 65.63896 65.63896 65.65684 65.87131 66.19303 66.22878
 [73] 66.53262 66.67560 67.01519 68.01609 68.44504 68.48079 68.57015 68.60590
 [81] 68.76676 68.78463 69.60679 69.78552 70.32172 70.53619 71.30474 71.41197
 [89] 71.85880 72.16265 72.48436 73.32440 73.69973 75.21895 75.41555 76.89902
 [97] 77.36372 80.84897 80.88472 81.04558
[1] "medium:"
[1] 60.40214
