  [1] 52.25270 52.56065 52.61487 53.13481 53.18523 53.28960 53.51214 53.69331
  [9] 53.73336 53.73612 53.87744 53.88732 53.95192 54.02634 54.07506 54.28427
 [17] 54.36564 54.41216 54.46095 54.60571 54.64151 54.64475 54.65884 54.66528
 [25] 54.70926 54.82746 54.86439 55.05727 55.15221 55.23297 55.31676 55.35663
 [33] 55.38785 55.49269 55.49784 55.54854 55.61346 55.73098 55.77623 55.78275
 [41] 55.78384 55.85432 55.90474 55.97093 55.97954 56.05058 56.05598 56.06997
 [49] 56.10670 56.18936 56.27450 56.38625 56.45721 56.52173 56.56510 56.66025
 [57] 56.74799 56.86980 56.92537 56.93920 56.96142 57.03030 57.03740 57.06010
 [65] 57.12340 57.16121 57.16799 57.18859 57.25047 57.26054 57.34417 57.39028
 [73] 57.41847 57.51450 57.53124 57.59034 57.68251 57.69335 57.70148 57.73564
 [81] 57.87335 57.98377 58.00889 58.01486 58.19867 58.26507 58.47405 58.49901
 [89] 58.52775 58.78925 58.80940 58.86988 58.94088 59.23365 59.30033 59.46400
 [97] 59.77202 59.90241 59.92493 60.23340
[1] "medium:"
[1] 56.23193
