  [1] 37.19001 37.22569 37.29706 37.31490 37.35058 37.35058 37.35058 37.35058
  [9] 37.38626 37.42194 37.42194 37.42194 37.42194 37.43979 37.43979 37.43979
 [17] 37.45763 37.45763 37.45763 37.45763 37.47547 37.47547 37.47547 37.49331
 [25] 37.49331 37.49331 37.49331 37.51115 37.51115 37.51115 37.52899 37.52899
 [33] 37.52899 37.52899 37.52899 37.52899 37.52899 37.52899 37.52899 37.54683
 [41] 37.54683 37.54683 37.54683 37.54683 37.54683 37.56467 37.56467 37.56467
 [49] 37.56467 37.58252 37.58252 37.58252 37.58252 37.58252 37.58252 37.60036
 [57] 37.60036 37.60036 37.60036 37.61820 37.61820 37.61820 37.61820 37.61820
 [65] 37.61820 37.63604 37.63604 37.65388 37.65388 37.65388 37.67172 37.67172
 [73] 37.67172 37.67172 37.67172 37.67172 37.67172 37.67172 37.67172 37.68956
 [81] 37.70740 37.70740 37.70740 37.72525 37.72525 37.72525 37.74309 37.74309
 [89] 37.76093 37.79661 37.81445 37.81445 37.81445 37.85013 37.95718 42.79215
 [97] 42.79215 42.80999 42.84567 42.97056
[1] "medium:"
[1] 37.58252
