  [1] 52.37895 52.42701 52.43902 52.46305 52.48708 52.49910 52.49910 52.49910
  [9] 52.51111 52.52313 52.52313 52.52313 52.52313 52.53514 52.54716 52.55917
 [17] 52.55917 52.57119 52.57119 52.57119 52.58320 52.58320 52.58320 52.58320
 [25] 52.59522 52.59522 52.59522 52.60723 52.60723 52.60723 52.61925 52.61925
 [33] 52.61925 52.61925 52.61925 52.61925 52.63126 52.63126 52.63126 52.63126
 [41] 52.64328 52.64328 52.64328 52.65529 52.65529 52.65529 52.65529 52.65529
 [49] 52.65529 52.66731 52.67932 52.67932 52.67932 52.67932 52.67932 52.67932
 [57] 52.69134 52.69134 52.69134 52.70335 52.70335 52.71537 52.72738 52.72738
 [65] 52.72738 52.72738 52.72738 52.72738 52.72738 52.72738 52.73940 52.73940
 [73] 52.73940 52.75141 52.75141 52.76343 52.76343 52.76343 52.76343 52.77544
 [81] 52.77544 52.78746 52.78746 52.78746 52.79947 52.79947 52.81149 52.82350
 [89] 52.84753 52.87156 52.88358 52.89559 52.91962 52.94365 52.95567 53.00372
 [97] 55.05827 55.33461 55.38267 55.52685
[1] "medium:"
[1] 52.67331
