  [1] 49.13606 49.43149 49.88489 50.35811 51.10495 51.71032 52.07122 52.51850
  [9] 52.78306 53.00703 53.11535 53.34944 53.44459 53.60122 53.60268 53.60588
 [17] 53.70635 53.71500 53.75279 53.83025 54.03865 54.11357 54.35125 54.40474
 [25] 54.41246 54.42870 54.48259 54.65307 54.74808 54.74808 54.80198 54.91177
 [33] 54.92015 54.92494 54.97764 55.00319 55.25271 55.41174 55.44554 55.47908
 [41] 55.54602 55.55986 55.59406 55.73140 55.75415 55.76653 55.76986 55.87193
 [49] 55.89109 55.93580 55.97732 56.08219 56.09230 56.16097 56.22299 56.29471
 [57] 56.29990 56.34741 56.34781 56.37070 56.40650 56.40876 56.42447 56.46918
 [65] 56.96170 56.96742 57.12246 57.26432 57.50080 57.52994 57.53593 57.58863
 [73] 57.72490 58.11721 58.12081 58.26054 58.28849 58.32442 58.34052 58.45097
 [81] 58.46362 58.48491 58.62225 58.76544 59.03545 59.05914 59.34685 59.41712
 [89] 59.46822 59.61075 59.93013 60.01477 60.43889 60.59885 60.90866 61.41488
 [97] 61.58615 62.31116 62.77787 63.58192
[1] "medium:"
[1] 55.95656
