  [1] 49.13900 49.56523 49.81088 50.42661 50.77960 50.91565 51.01032 51.31869
  [9] 51.67696 51.88748 51.93261 52.03010 52.26128 52.35375 52.50383 52.69800
 [17] 53.02984 53.17710 53.20271 53.32571 53.42456 53.45467 53.46429 53.51004
 [25] 53.53491 53.59552 53.66079 53.77739 53.97402 54.00824 54.08663 54.09994
 [33] 54.21604 54.29913 54.36909 54.38269 54.40439 54.51994 54.54355 54.63990
 [41] 54.67565 54.70207 54.73940 54.89401 55.14986 55.29342 55.30576 55.38978
 [49] 55.48989 55.50401 55.56695 55.65709 55.70265 55.72110 55.72382 55.84204
 [57] 55.85447 55.93525 56.00056 56.15125 56.17543 56.19943 56.27176 56.36034
 [65] 56.38055 56.43485 56.43883 56.50873 56.56433 56.62066 57.01153 57.14208
 [73] 57.17235 57.44660 57.45097 57.52090 57.65573 57.66968 57.72760 57.81940
 [81] 57.90390 57.91129 58.03338 58.18724 58.21901 58.27738 58.36830 58.38481
 [89] 58.46777 58.48561 58.99550 59.11332 59.17416 59.56567 59.58831 59.63105
 [97] 60.25659 60.38775 60.77189 63.05833
[1] "medium:"
[1] 55.53548
