  [1] 92.74527 92.74527 92.74527 92.74527 92.74527 92.74527 92.74527 92.74527 92.74527 92.74527 92.74527
 [12] 92.74527 92.74527 92.74527 92.74527 92.74527 92.74527 92.74527 92.74527 92.74527 92.74527 92.74527
 [23] 92.74527 92.74527 92.74527 92.76328 92.76328 92.76328 92.76328 92.76328 92.76328 92.76328 92.76328
 [34] 92.76328 92.76328 92.76328 92.76328 92.76328 92.76328 92.76328 92.76328 92.76328 92.76328 92.76328
 [45] 92.76328 92.76328 92.76328 92.76328 92.76328 92.78128 92.78128 92.78128 92.78128 92.78128 92.78128
 [56] 92.78128 92.78128 92.78128 92.78128 92.78128 92.78128 92.78128 92.78128 92.78128 92.78128 92.78128
 [67] 92.78128 92.78128 92.78128 92.78128 92.78128 92.78128 92.78128 92.78128 92.78128 92.79928 92.79928
 [78] 92.79928 92.79928 92.79928 92.79928 92.79928 92.79928 92.79928 92.79928 92.79928 92.79928 92.79928
 [89] 92.79928 92.79928 92.79928 92.79928 92.79928 92.79928 92.79928 92.79928 92.79928 92.79928 92.79928
[100] 92.79928
[1] "medium:"
[1] 92.78128
