  [1] 54.00851 54.00878 54.00939 54.01156 54.01231 54.01258 54.01502 54.01536 54.01590 54.01773 54.01861
 [12] 54.01863 54.01881 54.01915 54.01969 54.01990 54.02037 54.02098 54.02132 54.02152 54.02209 54.02261
 [23] 54.02263 54.02295 54.02315 54.02315 54.02351 54.02369 54.02403 54.02423 54.02505 54.02512 54.02512
 [34] 54.02525 54.02525 54.02532 54.02566 54.02566 54.02579 54.02586 54.02620 54.02620 54.02667 54.02674
 [45] 54.02695 54.02731 54.02749 54.02783 54.02783 54.02785 54.02796 54.02803 54.02803 54.02837 54.03000
 [56] 54.03047 54.03054 54.03054 54.03074 54.03108 54.03108 54.03128 54.03128 54.03183 54.03185 54.03216
 [67] 54.03264 54.03271 54.03393 54.03542 54.03562 54.03598 54.03652 54.03698 54.03813 54.03867 54.03887
 [78] 54.03975 54.04030 54.04030 54.04158 54.04192 54.04247 54.04267 54.04355 54.04355 54.04409 54.04457
 [89] 54.04518 54.04518 54.04572 54.04646 54.04646 54.04755 54.04791 54.04917 54.04951 54.05168 54.05222
[100] 54.05225
[1] "medium:"
[1] 54.02791
