  [1] 67.29206 67.29763 67.29872 67.29937 67.30286 67.30355 67.30355 67.30460 67.30464 67.30603
 [11] 67.30669 67.30669 67.30704 67.30704 67.30773 67.30773 67.30878 67.30878 67.30913 67.30913
 [21] 67.30982 67.30982 67.30982 67.30982 67.31087 67.31087 67.31126 67.31191 67.31226 67.31226
 [31] 67.31296 67.31296 67.31331 67.31331 67.31331 67.31331 67.31505 67.31509 67.31540 67.31540
 [41] 67.31540 67.31540 67.31540 67.31609 67.31644 67.31749 67.31749 67.31749 67.31818 67.31818
 [51] 67.31840 67.31853 67.31853 67.31857 67.31923 67.31923 67.31958 67.31962 67.32027 67.32027
 [61] 67.32027 67.32066 67.32132 67.32166 67.32166 67.32166 67.32166 67.32171 67.32223 67.32236
 [71] 67.32236 67.32271 67.32341 67.32341 67.32375 67.32375 67.32445 67.32445 67.32445 67.32480
 [81] 67.32550 67.32550 67.32584 67.32654 67.32654 67.32689 67.32793 67.32863 67.32898 67.32898
 [91] 67.33002 67.33072 67.33072 67.33107 67.33177 67.33211 67.33211 67.33420 67.33804 67.34047
[1] "medium:"
[1] 67.31829
