  [1] 49.96973 49.97193 49.97504 49.97581 49.97672 49.97737 49.97737 49.97892 49.97970 49.97970
 [11] 49.97983 49.98061 49.98125 49.98125 49.98138 49.98138 49.98203 49.98281 49.98281 49.98294
 [21] 49.98294 49.98358 49.98358 49.98371 49.98449 49.98449 49.98449 49.98449 49.98514 49.98514
 [31] 49.98527 49.98527 49.98527 49.98592 49.98605 49.98669 49.98669 49.98682 49.98682 49.98682
 [41] 49.98747 49.98747 49.98760 49.98760 49.98825 49.98825 49.98825 49.98825 49.98825 49.98838
 [51] 49.98838 49.98838 49.98902 49.98902 49.99071 49.99071 49.99071 49.99071 49.99071 49.99136
 [61] 49.99136 49.99136 49.99148 49.99148 49.99148 49.99148 49.99213 49.99213 49.99226 49.99291
 [71] 49.99304 49.99304 49.99382 49.99446 49.99459 49.99459 49.99459 49.99459 49.99459 49.99537
 [81] 49.99537 49.99602 49.99602 49.99615 49.99757 49.99835 49.99848 49.99926 49.99990 50.00003
 [91] 50.00068 50.00146 50.00159 50.00301 50.00314 50.00457 50.00469 50.00625 50.00625 50.00780
[1] "medium:"
[1] 49.98838
