  [1] 97.34404 97.34404 97.34814 97.35225 97.35225 97.35225 97.35225 97.35635 97.35635 97.35635 97.35635
 [12] 97.35635 97.36045 97.36045 97.36045 97.36045 97.36045 97.36045 97.36045 97.36045 97.36045 97.36045
 [23] 97.36045 97.36045 97.36045 97.36045 97.36045 97.36045 97.36045 97.36455 97.36455 97.36455 97.36455
 [34] 97.36455 97.36455 97.36455 97.36455 97.36865 97.36865 97.36865 97.36865 97.36865 97.37276 97.37276
 [45] 97.37276 97.37276 97.37276 97.37276 97.37276 97.37686 97.38096 97.38506 97.39190 97.39190 97.39600
 [56] 97.39600 97.39600 97.39600 97.40011 97.40011 97.40011 97.40011 97.40011 97.40011 97.40011 97.40421
 [67] 97.40421 97.40421 97.40421 97.40421 97.40421 97.40831 97.40831 97.40831 97.40831 97.40831 97.40831
 [78] 97.41241 97.41241 97.41241 97.41241 97.41241 97.41241 97.41241 97.41241 97.41241 97.41652 97.41652
 [89] 97.41652 97.41652 97.41652 97.41652 97.41652 97.42062 97.42472 97.42472 97.42472 97.42472 97.42472
[100] 97.42882
[1] "medium:"
[1] 97.37891
