  [1] 98.81523 98.81523 98.81523 98.81523 98.81523 98.81523 98.81523 98.81523 98.81523 98.81523 98.81523
 [12] 98.81523 98.81523 98.81523 98.81523 98.81523 98.81523 98.81523 98.81523 98.81523 98.83753 98.83753
 [23] 98.83753 98.83753 98.83753 98.83753 98.83753 98.83753 98.83753 98.83753 98.83753 98.83753 98.83753
 [34] 98.83753 98.83753 98.83753 98.83753 98.83753 98.83753 98.89329 98.89329 98.89329 98.89329 98.89329
 [45] 98.89329 98.89329 98.89329 98.89329 98.89329 98.89329 98.89329 98.89329 98.89329 98.89329 98.89329
 [56] 98.89329 98.89329 98.89329 98.89329 98.89329 98.89329 98.89329 98.89329 98.89329 98.89329 98.89329
 [67] 98.89329 98.89329 98.89329 98.89329 98.91559 98.91559 98.91559 98.91559 98.91559 98.91559 98.91559
 [78] 98.91559 98.91559 98.91559 98.91559 98.91559 98.91559 98.91559 98.91559 98.91559 98.91559 98.91559
 [89] 98.91559 98.91559 98.91559 98.91559 98.91559 98.91559 98.91559 98.91559 98.91559 98.91559 98.91559
[100] 98.91559
[1] "medium:"
[1] 98.89329
