  [1] 98.68670 98.68670 98.68670 98.68670 98.68670 98.68670 98.68670 98.68670 98.68670 98.68670 98.68670
 [12] 98.68670 98.68670 98.68670 98.68670 98.68670 98.68670 98.68670 98.68670 98.68670 98.68670 98.69979
 [23] 98.69979 98.69979 98.69979 98.69979 98.69979 98.69979 98.69979 98.69979 98.69979 98.69979 98.69979
 [34] 98.69979 98.69979 98.69979 98.69979 98.69979 98.69979 98.69979 98.69979 98.69979 98.69979 98.69979
 [45] 98.69979 98.69979 98.69979 98.73158 98.73158 98.73158 98.73158 98.73158 98.73158 98.73158 98.73158
 [56] 98.73158 98.73158 98.73158 98.73158 98.73158 98.73158 98.73158 98.73158 98.73158 98.73158 98.73158
 [67] 98.73158 98.73158 98.73158 98.73158 98.74467 98.74467 98.74467 98.74467 98.74467 98.74467 98.74467
 [78] 98.74467 98.74467 98.74467 98.74467 98.74467 98.74467 98.74467 98.74467 98.74467 98.74467 98.74467
 [89] 98.74467 98.74467 98.74467 98.74467 98.74467 98.74467 98.74467 98.74467 98.74467 98.74467 98.74467
[100] 98.74467
[1] "medium:"
[1] 98.73158
