  [1] 99.13767 99.13767 99.13767 99.13767 99.13767 99.13767 99.13767 99.13767 99.13767 99.13767 99.13767
 [12] 99.13767 99.13767 99.13767 99.13767 99.13767 99.13767 99.13767 99.13767 99.13767 99.13767 99.13767
 [23] 99.13767 99.13767 99.13767 99.13767 99.13767 99.13767 99.13767 99.13767 99.13767 99.13767 99.13767
 [34] 99.13767 99.13767 99.13767 99.13767 99.13767 99.13767 99.13767 99.13767 99.13767 99.13767 99.13767
 [45] 99.13767 99.13767 99.13767 99.13767 99.13767 99.13767 99.13767 99.13767 99.13767 99.13767 99.13767
 [56] 99.13767 99.15552 99.15552 99.15552 99.15552 99.15552 99.15552 99.15552 99.15552 99.15552 99.15552
 [67] 99.15552 99.15552 99.15552 99.15552 99.15552 99.15552 99.15552 99.15552 99.15552 99.15552 99.15552
 [78] 99.15552 99.15552 99.15552 99.15552 99.15552 99.15552 99.15552 99.15552 99.15552 99.15552 99.15552
 [89] 99.15552 99.15552 99.15552 99.15552 99.15552 99.15552 99.15552 99.15552 99.15552 99.15552 99.15552
[100] 99.15552
[1] "medium:"
[1] 99.13767
