  [1] 96.42970 96.42970 96.42970 96.42970 96.42970 96.42970 96.42970 96.42970 96.42970 96.42970 96.42970
 [12] 96.42970 96.42970 96.42970 96.44550 96.44550 96.44550 96.44550 96.44550 96.44550 96.44550 96.44550
 [23] 96.44550 96.44550 96.44550 96.44550 96.44550 96.44550 96.44550 96.44550 96.44550 96.44550 96.44550
 [34] 96.44550 96.44550 96.44550 96.44550 96.44550 96.44550 96.44550 96.44550 96.44550 96.44550 96.44550
 [45] 96.44550 96.44550 96.44550 96.44550 96.44550 96.44550 96.44550 96.44550 96.46130 96.46130 96.46130
 [56] 96.46130 96.46130 96.46130 96.46130 96.46130 96.46130 96.46130 96.46130 96.46130 96.46130 96.46130
 [67] 96.46130 96.46130 96.46130 96.46130 96.46130 96.46130 96.46130 96.46130 96.46130 96.46130 96.46130
 [78] 96.46130 96.46130 96.46130 96.46130 96.46130 96.46130 96.46130 96.46130 96.46130 96.46130 96.46130
 [89] 96.46130 96.47709 96.47709 96.47709 96.47709 96.47709 96.47709 96.47709 96.47709 96.47709 96.47709
[100] 96.47709
[1] "medium:"
[1] 96.4455
