  [1] 97.85564 97.85564 97.85564 97.86557 97.86557 97.86557 97.86557 97.86557 97.86557 97.86557 97.86557
 [12] 97.86557 97.86557 97.86557 97.86557 97.86557 97.86557 97.86557 97.86557 97.86557 97.86557 97.86557
 [23] 97.86557 97.86557 97.86557 97.86557 97.86723 97.86723 97.86723 97.86723 97.87550 97.87550 97.87550
 [34] 97.87550 97.87550 97.87550 97.87550 97.87550 97.87550 97.87550 97.87550 97.87550 97.87550 97.87550
 [45] 97.87550 97.87550 97.87716 97.87716 97.87716 97.87716 97.87716 97.87716 97.88543 97.88543 97.88543
 [56] 97.88543 97.88543 97.88543 97.88543 97.88543 97.88543 97.88709 97.88709 97.88709 97.88709 97.88709
 [67] 97.88709 97.88709 97.88709 97.88709 97.88709 97.88709 97.88709 97.88709 97.88709 97.88709 97.89536
 [78] 97.89536 97.89536 97.89701 97.89701 97.89701 97.89701 97.89701 97.89701 97.89701 97.89701 97.89701
 [89] 97.89701 97.89701 97.89701 97.89701 97.90694 97.90694 97.90694 97.90694 97.90694 97.90694 97.90694
[100] 97.90694
[1] "medium:"
[1] 97.87716
