  [1] 95.46588 95.46588 95.46588 95.46588 95.46588 95.46588 95.46588 95.47038 95.47038 95.47038 95.47038
 [12] 95.47038 95.47038 95.47038 95.47038 95.47038 95.47038 95.47038 95.48991 95.48991 95.48991 95.48991
 [23] 95.48991 95.48991 95.48991 95.48991 95.48991 95.48991 95.48991 95.48991 95.48991 95.48991 95.48991
 [34] 95.48991 95.49441 95.49441 95.49441 95.49441 95.49441 95.49441 95.49441 95.49441 95.49441 95.49441
 [45] 95.49441 95.49441 95.49441 95.49441 95.50192 95.50192 95.50192 95.50192 95.50192 95.50192 95.50192
 [56] 95.50192 95.50192 95.50192 95.50192 95.50192 95.50643 95.50643 95.50643 95.50643 95.50643 95.50643
 [67] 95.50643 95.50643 95.50643 95.50643 95.50643 95.50643 95.50643 95.52595 95.52595 95.52595 95.52595
 [78] 95.52595 95.52595 95.52595 95.52595 95.52595 95.52595 95.52595 95.52595 95.52595 95.52595 95.53046
 [89] 95.53046 95.53046 95.53046 95.53046 95.53046 95.53046 95.53046 95.53046 95.53046 95.53046 95.53046
[100] 95.53046
[1] "medium:"
[1] 95.50192
