  [1] 99.18603 99.18603 99.18603 99.18603 99.18603 99.18603 99.18603 99.18603 99.18603 99.18603 99.18603
 [12] 99.18603 99.18603 99.18603 99.18603 99.18603 99.18603 99.18603 99.18603 99.18603 99.18603 99.18603
 [23] 99.18603 99.20390 99.20390 99.20390 99.20390 99.20390 99.20390 99.20390 99.20390 99.20390 99.20390
 [34] 99.20390 99.20390 99.20390 99.20390 99.20390 99.20390 99.20390 99.20390 99.20390 99.20390 99.20390
 [45] 99.20390 99.20688 99.20688 99.20688 99.20688 99.20688 99.20688 99.20688 99.20688 99.20688 99.22178
 [56] 99.22178 99.22178 99.22178 99.22178 99.22178 99.22178 99.22178 99.22178 99.22178 99.22475 99.22475
 [67] 99.22475 99.22475 99.22475 99.22475 99.22475 99.22475 99.22475 99.22475 99.22475 99.22475 99.22475
 [78] 99.22475 99.22475 99.22475 99.22475 99.22475 99.22475 99.22475 99.22475 99.22475 99.22475 99.22475
 [89] 99.22475 99.22475 99.22475 99.22475 99.24263 99.24263 99.24263 99.24263 99.24263 99.24263 99.24263
[100] 99.24263
[1] "medium:"
[1] 99.20688
