  [1] 57.07729 57.07729 57.07729 57.07839 57.07839 57.07839 57.07839 57.07839 57.07839 57.07949
 [11] 57.07949 57.07949 57.07949 57.07949 57.08059 57.08059 57.08059 57.08059 57.08059 57.08169
 [21] 57.08169 57.08169 57.08169 57.08169 57.08169 57.08169 57.08169 57.08278 57.08278 57.08278
 [31] 57.08278 57.08278 57.08278 57.08278 57.08388 57.08388 57.08388 57.08388 57.08388 57.08388
 [41] 57.08388 57.08388 57.08498 57.08498 57.08498 57.08498 57.08498 57.08498 57.08498 57.08608
 [51] 57.08608 57.08608 57.08608 57.08608 57.08718 57.08718 57.08718 57.08718 57.08718 57.08718
 [61] 57.08718 57.08718 57.08718 57.08718 57.08718 57.08827 57.08827 57.08827 57.08937 57.08937
 [71] 57.08937 57.08937 57.08937 57.08937 57.08937 57.09047 57.09047 57.09047 57.09047 57.09157
 [81] 57.09157 57.09157 57.09157 57.09157 57.09157 57.09157 57.09267 57.09267 57.09267 57.09267
 [91] 57.09376 57.09376 57.09486 57.09486 57.09486 57.09486 57.09596 57.09596 57.09706 57.09816
[1] "medium:"
[1] 57.08608
