  [1] 98.65864 98.67033 98.70399 98.72036 98.75542 98.75776 98.75776 98.76010 98.76337 98.77459 98.77459
 [12] 98.77599 98.79376 98.79376 98.79516 98.80077 98.80592 98.81948 98.82135 98.82696 98.83818 98.84192
 [23] 98.85127 98.85688 98.86763 98.87137 98.88867 98.90176 98.92981 98.93542 98.94664 98.95226 98.96161
 [34] 98.96161 98.96207 98.96301 98.96348 98.97797 98.97797 99.00041 99.00088 99.00228 99.00649 99.02519
 [45] 99.02940 99.04202 99.05698 99.05698 99.06259 99.06400 99.07568 99.08691 99.09018 99.09252 99.10327
 [56] 99.10748 99.14488 99.15049 99.15376 99.15937 99.16171 99.16545 99.16872 99.17480 99.17667 99.17667
 [67] 99.18602 99.19537 99.19724 99.19771 99.19865 99.20285 99.20426 99.21033 99.21969 99.21969 99.22483
 [78] 99.24213 99.24400 99.24400 99.25288 99.25522 99.25709 99.25849 99.26270 99.26597 99.27719 99.27766
 [89] 99.27953 99.28280 99.28888 99.30010 99.30010 99.31085 99.31132 99.31693 99.35387 99.35433 99.36696
[100] 99.38426
[1] "medium:"
[1] 99.06984
