  [1] 93.52291 93.80727 93.96524 94.13902 94.36019 94.43918 94.44115 94.54976 94.66035 94.80253 94.80253
 [12] 94.81833 94.86506 94.88152 94.92891 94.94471 95.00790 95.02370 95.03949 95.11848 95.15008 95.16588
 [23] 95.16588 95.16588 95.17378 95.19747 95.26066 95.27646 95.35545 95.35545 95.40284 95.41864 95.43444
 [34] 95.51343 95.52923 95.57662 95.57662 95.63981 95.65561 95.68720 95.75039 95.75039 95.78199 95.78199
 [45] 95.82938 95.82938 95.84518 95.86098 95.87678 95.90047 95.90837 95.92417 95.95577 95.95577 95.96367
 [56] 95.97156 95.97156 95.98934 96.05055 96.08215 96.08412 96.09795 96.09795 96.09795 96.14534 96.16114
 [67] 96.16114 96.18483 96.19273 96.23223 96.30529 96.38231 96.39021 96.41390 96.42970 96.44550 96.47709
 [78] 96.47709 96.49487 96.50869 96.50869 96.52449 96.54028 96.57188 96.61927 96.65087 96.68246 96.71406
 [89] 96.93720 96.95103 96.98262 97.01422 97.07741 97.19589 97.23539 97.37757 97.39336 97.42496 97.48025
[100] 97.59874
[1] "medium:"
[1] 95.90442
