  [1] 57.56243 57.73459 57.92019 57.98184 58.12718 58.42590 58.62522 58.82667 59.09400 59.18029 59.26276
 [12] 59.29637 59.46347 59.48598 59.53144 59.56744 59.84060 59.92376 60.08198 60.49525 60.58773 60.63972
 [23] 60.69810 60.86999 60.99377 61.17437 61.24830 61.30525 61.32454 61.33264 61.39024 61.43413 61.45158
 [34] 61.55852 61.60554 61.68029 61.70576 61.75466 61.84714 61.85101 61.91001 61.97649 61.98237 62.03784
 [45] 62.08164 62.08281 62.13514 62.15739 62.21513 62.26580 62.40500 62.50779 62.55225 62.65657 62.66075
 [56] 62.66684 62.67929 62.82515 62.88519 62.90818 62.91745 62.93822 63.02369 63.02604 63.04502 63.13802
 [67] 63.19288 63.30251 63.47488 63.51019 63.57171 63.70128 63.71116 63.73816 63.86703 63.89507 63.94562
 [78] 63.99425 64.05473 64.09204 64.11076 64.13401 64.25270 64.28993 64.32441 64.32445 64.34174 64.40909
 [89] 64.50157 64.54768 64.68648 64.69266 64.79402 64.96299 65.05190 65.09592 65.31156 65.42490 65.74046
[100] 67.97497
[1] "medium:"
[1] 62.3354
