  [1] 97.54783 97.56769 97.57927 97.59747 97.61899 97.64878 97.66243 97.66698 97.66698 97.67236 97.69222
 [12] 97.70670 97.71828 97.73649 97.74642 97.75635 97.75635 97.75635 97.76628 97.76628 97.79772 97.79772
 [23] 97.79772 97.80144 97.81758 97.82130 97.82130 97.84737 97.86557 97.87550 97.88543 97.89081 97.89701
 [34] 97.89701 97.90074 97.90074 97.93053 97.93508 97.93673 97.95659 97.95659 97.96032 97.96487 97.96487
 [45] 97.97024 97.97024 97.99631 98.00624 98.01451 98.01617 98.01989 98.02982 98.03437 98.03437 98.03603
 [56] 98.04968 98.04968 98.05589 98.05961 98.06416 98.07947 98.08402 98.09395 98.10388 98.10926 98.10926
 [67] 98.11381 98.11919 98.12374 98.13532 98.13905 98.14360 98.14360 98.15353 98.16346 98.16346 98.17876
 [78] 98.18869 98.20855 98.20855 98.21310 98.22841 98.23834 98.23834 98.24289 98.24455 98.24455 98.24455
 [89] 98.24827 98.25282 98.26441 98.28427 98.29254 98.30247 98.32771 98.35377 98.37363 98.38356 98.48658
[100] 98.51264
[1] "medium:"
[1] 98.01803
