  [1] 53.53421 53.55868 53.61344 53.81848 53.83289 54.08940 54.10079 54.11726 54.22920 54.23693 54.24901
 [12] 54.25130 54.29174 54.36663 54.44879 54.45213 54.52857 54.53557 54.56741 54.62547 54.64756 54.72122
 [23] 54.76038 54.79469 54.81006 54.83426 54.84300 54.87172 54.87342 54.89240 54.89460 54.90338 54.90448
 [34] 54.91015 54.93627 54.93966 54.96926 54.98262 55.06917 55.07246 55.09236 55.10924 55.16249 55.16373
 [45] 55.26899 55.27778 55.29370 55.29864 55.39965 55.41722 55.42161 55.42380 55.45894 55.48748 55.50295
 [56] 55.52806 55.55226 55.68612 55.74216 55.74550 55.76860 55.81577 55.84102 55.85419 55.90964 55.94313
 [67] 55.97483 55.99464 55.99578 56.01888 56.09226 56.12095 56.15503 56.30764 56.33399 56.35691 56.42073
 [78] 56.42951 56.43404 56.53258 56.53702 56.59091 56.62165 56.63204 56.73611 56.81269 56.85332 56.85807
 [89] 56.88900 56.92619 56.93786 57.07075 57.07729 57.07839 57.10365 57.50110 57.58619 58.05336 58.62552
[100] 59.09745
[1] "medium:"
[1] 55.41941
