  [1] 98.81523 98.81523 98.81523 98.81523 98.81523 98.81523 98.81523 98.81523 98.81523 98.81523 98.81523
 [12] 98.81523 98.81523 98.81523 98.83753 98.83753 98.83753 98.83753 98.83753 98.83753 98.83753 98.83753
 [23] 98.83753 98.83753 98.83753 98.83753 98.85983 98.85983 98.85983 98.85983 98.85983 98.85983 98.85983
 [34] 98.85983 98.85983 98.85983 98.85983 98.85983 98.89329 98.89329 98.89329 98.89329 98.89329 98.89329
 [45] 98.91559 98.91559 98.91559 98.91559 98.91559 98.91559 98.91559 98.91559 98.91559 98.91559 98.91559
 [56] 98.91559 98.91559 98.91559 98.91838 98.91838 98.91838 98.91838 98.91838 98.91838 98.91838 98.91838
 [67] 98.91838 98.91838 98.93789 98.93789 98.93789 98.93789 98.93789 98.93789 98.93789 98.93789 98.93789
 [78] 98.93789 98.93789 98.93789 98.94068 98.94068 98.94068 98.94068 98.94068 98.94068 98.96298 98.96298
 [89] 98.96298 98.96298 98.96298 98.96298 98.96298 98.96298 98.96298 98.96298 98.96298 98.96298 98.96298
[100] 98.96298
[1] "medium:"
[1] 98.91559
