  [1] 47.74098 47.84832 47.86965 48.22672 48.28898 48.33124 48.34642 48.40787 48.44041 48.52667 48.57261
 [12] 48.61305 48.64171 48.71200 48.76753 48.83439 48.91443 48.98090 48.99045 49.03177 49.05352 49.06907
 [23] 49.11569 49.14910 49.16620 49.23766 49.24935 49.37922 49.39544 49.39621 49.40165 49.41088 49.44750
 [34] 49.55513 49.56367 49.58116 49.58349 49.62545 49.67664 49.73813 49.78485 49.86090 49.87554 49.96814
 [45] 50.05692 50.07062 50.09014 50.09830 50.17105 50.18255 50.18320 50.20136 50.25099 50.27664 50.33790
 [56] 50.35120 50.35590 50.38854 50.40252 50.42894 50.47787 50.48179 50.54084 50.54942 50.57805 50.59563
 [67] 50.60524 50.67609 50.69237 50.70092 50.71335 50.72893 50.74677 50.78167 50.84701 50.86330 50.87654
 [78] 50.90374 50.99310 51.12944 51.18543 51.31568 51.41738 51.43862 51.50597 51.56622 51.57594 51.59455
 [89] 51.74288 51.77636 51.87751 51.99008 52.20378 52.23953 52.33472 52.34997 52.41825 52.44001 53.00339
[100] 53.21087
[1] "medium:"
[1] 50.18287
