  [1] 52.59533 52.95104 52.98680 53.07334 53.09530 53.17601 53.19169 53.23357 53.23762 53.29933 53.36116
 [12] 53.38590 53.45103 53.48478 53.53206 53.54279 53.56339 53.57444 53.61063 53.62981 53.72198 53.74308
 [23] 53.78110 53.80547 53.85671 53.85910 53.89927 53.89954 53.91397 53.94264 53.96297 54.07926 54.09011
 [34] 54.09451 54.11231 54.13402 54.14430 54.17469 54.20620 54.27282 54.29423 54.34215 54.39548 54.41812
 [45] 54.43547 54.47966 54.49944 54.51248 54.51514 54.52113 54.52170 54.59972 54.62794 54.62794 54.66316
 [56] 54.68107 54.72076 54.73038 54.75047 54.84643 54.85673 54.88328 54.89197 54.93264 54.95105 55.00526
 [67] 55.01884 55.03831 55.09041 55.10342 55.10828 55.25516 55.25902 55.30348 55.30626 55.32679 55.33323
 [78] 55.37233 55.37836 55.42612 55.42648 55.48890 55.58188 55.63038 55.63867 55.69221 55.70034 55.75510
 [89] 55.78982 55.86950 55.91396 55.97305 55.98823 56.03269 56.06590 56.09504 56.14919 56.27016 56.47564
[100] 56.84920
[1] "medium:"
[1] 54.52141
