  [1] 97.22507 97.25652 97.25960 97.26610 97.27430 97.29071 97.29891 97.31943 97.33173 97.33857 97.34404
 [12] 97.34575 97.35225 97.35498 97.35635 97.36455 97.36729 97.36729 97.37139 97.37276 97.39088 97.39327
 [23] 97.39327 97.39498 97.40011 97.40831 97.41139 97.41241 97.41378 97.41959 97.42609 97.43019 97.43293
 [34] 97.43429 97.44011 97.44250 97.44660 97.44831 97.44831 97.45070 97.45070 97.45070 97.45241 97.45481
 [45] 97.46062 97.46472 97.46711 97.46882 97.47121 97.47395 97.47703 97.47942 97.48352 97.48352 97.48523
 [56] 97.48523 97.48523 97.48762 97.49173 97.49344 97.50574 97.50677 97.51497 97.51634 97.52318 97.52728
 [67] 97.52728 97.52728 97.53036 97.53446 97.53856 97.53959 97.53959 97.54506 97.54779 97.55326 97.55600
 [78] 97.55737 97.56318 97.56967 97.57138 97.57138 97.57241 97.58369 97.58779 97.60010 97.60112 97.60420
 [89] 97.60933 97.60933 97.61241 97.61651 97.62164 97.63121 97.63292 97.63531 97.63531 97.64933 97.69856
[100] 97.73548
[1] "medium:"
[1] 97.47549
