  [1] 82.15788 82.83071 83.47951 83.59516 83.63571 83.91205 84.02769 84.12832 84.26048 84.38063 84.45272
 [12] 84.46474 84.75309 84.83720 85.00541 85.05347 85.28175 85.89451 86.06272 86.44269 86.57936 86.68299
 [23] 86.91127 86.97585 87.09149 87.17560 87.17560 87.26421 87.54055 87.81239 87.91301 87.96107 88.02866
 [34] 88.16533 88.22540 88.41313 88.52127 88.60537 88.64142 88.64592 88.71350 88.76607 88.90574 89.19861
 [45] 89.31425 89.37432 89.41487 89.41487 89.51850 89.55455 89.55455 89.65067 90.10723 90.13577 90.22738
 [56] 90.31599 90.58032 90.67644 90.78007 90.93626 90.94828 91.34477 91.35678 91.36129 91.51298 91.82536
 [67] 91.85390 91.98156 92.02211 92.05815 92.14977 92.40208 92.54626 92.59882 92.81059 92.88718 92.90670
 [78] 93.01934 93.06740 93.10345 93.13499 93.59155 93.95200 93.95200 94.02860 94.09618 94.12021 94.26889
 [89] 94.31695 94.43260 94.46113 94.50469 94.56476 94.61733 94.79304 94.98528 95.02133 95.02583 95.75874
[100] 96.15073
[1] "medium:"
[1] 89.55455
