  [1] 99.13767 99.13767 99.13767 99.13767 99.13767 99.13767 99.15106 99.15552 99.15552 99.15552 99.15552
 [12] 99.16890 99.16890 99.17336 99.17336 99.17336 99.17336 99.17336 99.17336 99.18674 99.18674 99.18674
 [23] 99.18674 99.18674 99.18674 99.18674 99.18674 99.19120 99.19120 99.19120 99.19120 99.19269 99.19269
 [34] 99.19269 99.19269 99.20458 99.20458 99.20458 99.20458 99.20904 99.20904 99.20904 99.20904 99.20904
 [45] 99.20904 99.20904 99.20904 99.20904 99.20904 99.20904 99.20904 99.21053 99.21053 99.21053 99.21053
 [56] 99.21053 99.21053 99.22242 99.22242 99.22242 99.22242 99.22242 99.22242 99.22242 99.22688 99.22688
 [67] 99.22688 99.22688 99.22837 99.22837 99.22837 99.22837 99.24026 99.24026 99.24026 99.24026 99.24621
 [78] 99.24621 99.24621 99.24621 99.24621 99.24621 99.26405 99.26405 99.26405 99.26405 99.26405 99.26405
 [89] 99.26405 99.26405 99.26405 99.26405 99.28189 99.28189 99.28189 99.28189 99.28189 99.28189 99.28189
[100] 99.28189
[1] "medium:"
[1] 99.20904
