  [1] 98.56122 98.57909 98.59696 98.59696 98.66845 98.66845 98.68633 98.72207 98.75782 98.79357 98.84718
 [12] 98.84718 98.84718 98.86506 98.86506 98.90080 98.90080 98.90080 98.91793 98.91868 98.91868 98.95442
 [23] 98.97230 98.97230 98.99017 98.99017 98.99017 99.00804 99.00804 99.00804 99.00804 99.02592 99.02592
 [34] 99.04379 99.04379 99.06166 99.07954 99.07954 99.07954 99.07954 99.07954 99.07954 99.08177 99.09741
 [45] 99.11528 99.11528 99.13241 99.13315 99.15103 99.15103 99.15326 99.16890 99.16890 99.16890 99.16890
 [56] 99.18901 99.20465 99.22252 99.22252 99.24039 99.24039 99.24039 99.25827 99.27837 99.29401 99.29401
 [67] 99.29401 99.29625 99.29625 99.31114 99.31189 99.32976 99.32976 99.32976 99.33199 99.34763 99.36476
 [78] 99.36550 99.38338 99.38338 99.38338 99.40125 99.41838 99.42136 99.42136 99.45487 99.45487 99.45710
 [89] 99.47200 99.47274 99.48987 99.48987 99.50849 99.51072 99.52636 99.54647 99.61573 99.61796 99.61796
[100] 99.63286
[1] "medium:"
[1] 99.15214
