  [1] 92.26748 92.36049 92.43924 92.45050 92.47525 92.61926 92.62751 92.63051 92.66652 92.68152 92.69127
 [12] 92.70252 92.70927 92.72052 92.74527 92.80753 92.81053 92.83528 92.83528 92.91554 92.95155 92.98755
 [23] 92.98755 93.02355 93.04455 93.04455 93.10531 93.10531 93.12331 93.13156 93.13456 93.19532 93.20657
 [34] 93.22157 93.22457 93.22457 93.23957 93.24257 93.24932 93.29658 93.31458 93.33258 93.33933 93.36859
 [45] 93.37534 93.38659 93.40459 93.41134 93.43759 93.51260 93.54560 93.55536 93.58461 93.63561 93.64536
 [56] 93.68137 93.68962 93.72862 93.76463 93.78938 93.87264 93.95140 93.98065 94.03165 94.04140 94.06766
 [67] 94.07741 94.07741 94.08866 94.21167 94.21467 94.24767 94.26868 94.44569 94.47345 94.48170 94.49970
 [78] 94.53570 94.61071 94.68272 94.70747 94.73672 94.75173 94.76973 94.77273 94.77948 94.85974 94.86949
 [89] 94.88074 94.99550 95.00375 95.00375 95.07576 95.10351 95.13276 95.13276 95.18677 95.19352 95.19352
[100] 95.24752
[1] "medium:"
[1] 93.5291
